1 4
8 6
9 4
35 4
38 4
53 4
65 4
76 4
83 4
88 4
91 4
93 4
97 4
103 4
104 4
108 4
111 4
129 4
141 4
148 4
191 4
211 6
212 4
261 4
265 4
296 8
297 6
298 4
301 4
303 4
305 6
306 4
322 4
357 4
379 4
383 4
394 4
396 4
402 4
423 4
450 4
460 4
466 12
467 10
468 8
469 6
470 4
481 4
511 6
512 4
519 6
520 4
524 6
525 4
536 4
545 4
550 4
551 8
552 6
553 4
584 4
601 4
608 4
616 6
617 4
639 4
644 4
669 6
670 4
672 4
684 6
685 4
687 4
714 6
715 4
734 4
758 6
759 4
760 6
761 4
848 8
849 6
850 4
859 4
862 6
863 4
877 4
889 4
900 4
938 4
939 4
